75000 	
82080 	
89564 	
97264 	
104992 	
112560 	
119796 	
126536 	
132632 	
137956 	
142396 	
145864 	
148308 	
149680 	
149972 	
149192 	
147376 	
144572 	
140864 	
136332 	
131088 	
125244 	
118932 	
112276 	
105420 	
98496 	
91632 	
84968 	
78620 	
72696 	
67304 	
62536 	
58456 	
55136 	
52620 	
50936 	
50100 	
50112 	
50960 	
52612 	
55032 	
58168 	
61956 	
66324 	
71196 	
76484 	
82104 	
87964 	
93968 	
100028 	
106056 	
111960 	
117660 	
123080 	
128144 	
132788 	
136960 	
140612 	
143700 	
146192 	
148068 	
149316 	
149932 	
149912 	
149276 	
148036 	
146220 	
143864 	
141000 	
137676 	
133936 	
129832 	
125416 	
120740 	
115868 	
110852 	
105752 	
100620 	
95516 	
90488 	
85588 	
80864 	
76360 	
72116 	
68172 	
64560 	
61304 	
58428 	
55956 	
53904 	
52280 	
51088 	
50332 	
50012 	
50124 	
50652 	
51588 	
52916 	
54616 	
56668 	
59052 	
61736 	
64696 	
67904 	
71332 	
74948 	
78720 	
82620 	
86620 	
90680 	
94780 	
98888 	
102976 	
107012 	
110976 	
114844 	
118588 	
122192 	
125632 	
128892 	
131956 	
134808 	
137440 	
139836 	
141992 	
143896 	
145544 	
146936 	
148068 	
148936 	
149548 	
149900 	
150000 	
149848 	
149460 	
148832 	
147980 	
146912 	
145636 	
144160 	
142504 	
140672 	
138676 	
136536 	
134256 	
131852 	
129340 	
126732 	
124036 	
121272 	
118448 	
115576 	
112668 	
109740 	
106800 	
103864 	
100932 	
98024 	
95148 	
92312 	
89520 	
86788 	
84120 	
81524 	
79004 	
76568 	
74220 	
71968 	
69812 	
67760 	
65816 	
63976 	
62248 	
60636 	
59136 	
57748 	
56480 	
55328 	
54292 	
53368 	
52564 	
51868 	
51288 	
50820 	
50456 	
50200 	
50048 	
50000 	
50048 	
50192 	
50432 	
50760 	
51172 	
51672 	
52248 	
52904 	
53628 	
54428 	
55288 	
56212 	
57196 	
58236 	
59328 	
60468 	
61656 	
62880 	
64148 	
65448 	
66784 	
68144 	
69532 	
70944 	
72380 	
73828 	
75292 	
76772 	
78256 	
79752 	
81252 	
82756 	
84260 	
85764 	
87264 	
88760 	
90248 	
91732 	
93204 	
94664 	
96112 	
97548 	
98968 	
100372 	
101756 	
103128 	
104476 	
105808 	
107120 	
108408 	
109680 	
110924 	
112148 	
113352 	
114528 	
115684 	
116816 	
117920 	
119004 	
120064 	
121096 	
122108 	
123092 	
124056 	
124992 	
125908 	
126796 	
127664 	
128504 	
129324 	
130120 	
130896 	
131644 	
132376 	
133080 	
133768 	
134432 	
135072 	
135696 	
136300 	
136880 	
137444 	
137988 	
138516 	
139024 	
139512 	
139984 	
140440 	
140880 	
141304 	
141712 	
142100 	
142480 	
142840 	
143188 	
143524 	
143844 	
144152 	
144448 	
144732 	
145004 	
145264 	
145512 	
145748 	
145976 	
146196 	
146400 	
146600 	
146788 	
146972 	
147144 	
147308 	
147464 	
147612 	
147752 	
147888 	
148016 	
148136 	
148252 	
148360 	
148464 	
148564 	
148656 	
148744 	
148828 	
148904 	
148980 	
149048 	
149116 	
149176 	
149236 	
149288 	
149340 	
149388 	
149436 	
149476 	
149516 	
149556 	
149588 	
149620 	
149652 	
149680 	
149708 	
149732 	
149756 	
149776 	
149796 	
149812 	
149832 	
149844 	
149860 	
149872 	
149884 	
149896 	
149908 	
149916 	
149924 	
149932 	
149940 	
149948 	
149952 	
149956 	
149964 	
149968 	
149972 	
149976 	
149976 	
149980 	
149984 	
149984 	
149988 	
149988 	
149992 	
149992 	
149992 	
149996 	
149996 	
149996 	
149996 	
149996 	
149996 	
150000 	
150000 	
150000 	
150000 	
150000 	
150000 	
150000 	
150000 	
150000 	
150000 	
150000 	
150000 	
150000 	
150000 	
150000 	
150000 	
150000 	
150000 	
150000 	
150000 	
150000 	
150000 	
150000 	
150000 	
150000 	
150000 	
150000 	
150000 	
150000 	
150000 	
150000 	
