90776 	
77864 	
67124 	
58840 	
53216 	
50368 	
50336 	
53076 	
58476 	
66344 	
76432 	
88432 	
102000 	
116756 	
132296 	
148212 	
164092 	
179532 	
194164 	
207628 	
219624 	
229880 	
238176 	
244352 	
248292 	
249944 	
249304 	
246428 	
241408 	
234392 	
225568 	
215156 	
203408 	
190592 	
176992 	
162908 	
148636 	
134468 	
120692 	
107572 	
95356 	
84264 	
74496 	
66216 	
59552 	
54600 	
51428 	
50060 	
50492 	
52684 	
56568 	
62048 	
69004 	
77288 	
86744 	
97192 	
108444 	
120300 	
132564 	
145032 	
157504 	
169788 	
181696 	
193060 	
203712 	
213516 	
222336 	
230064 	
236612 	
241904 	
245892 	
248544 	
249852 	
249816 	
248464 	
245836 	
241992 	
237004 	
230952 	
223936 	
216056 	
207428 	
198168 	
188396 	
178240 	
167824 	
157272 	
146704 	
136240 	
125992 	
116068 	
106572 	
97592 	
89216 	
81512 	
74556 	
68392 	
63076 	
58640 	
55104 	
52492 	
50808 	
50048 	
50204 	
51248 	
53164 	
55908 	
59444 	
63728 	
68700 	
74312 	
80500 	
87208 	
94364 	
101904 	
109764 	
117872 	
126168 	
134576 	
143040 	
151496 	
159880 	
168132 	
176204 	
184036 	
191588 	
198808 	
205660 	
212108 	
218116 	
223660 	
228708 	
233248 	
237260 	
240728 	
243652 	
246020 	
247836 	
249100 	
249816 	
249992 	
249644 	
248784 	
247424 	
245588 	
243296 	
240568 	
237428 	
233900 	
230012 	
225788 	
221260 	
216456 	
211396 	
206120 	
200648 	
195012 	
189236 	
183352 	
177388 	
171364 	
165312 	
159248 	
153204 	
147200 	
141256 	
135396 	
129632 	
123988 	
118480 	
113120 	
107928 	
102912 	
98084 	
93460 	
89044 	
84848 	
80876 	
77136 	
73632 	
70372 	
67352 	
64576 	
62048 	
59768 	
57732 	
55944 	
54396 	
53088 	
52016 	
51180 	
50568 	
50180 	
50008 	
50052 	
50300 	
50744 	
51384 	
52208 	
53208 	
54380 	
55716 	
57208 	
58848 	
60624 	
62536 	
64576 	
66728 	
68992 	
71360 	
73820 	
76368 	
78996 	
81700 	
84468 	
87296 	
90176 	
93104 	
96076 	
99080 	
102112 	
105168 	
108244 	
111332 	
114428 	
117528 	
120628 	
123724 	
126808 	
129884 	
132940 	
135976 	
138988 	
141980 	
144936 	
147864 	
150760 	
153620 	
156440 	
159220 	
161960 	
164656 	
167308 	
169912 	
172472 	
174984 	
177444 	
179856 	
182220 	
184532 	
186792 	
189004 	
191160 	
193268 	
195324 	
197328 	
199280 	
201180 	
203032 	
204832 	
206580 	
208280 	
209932 	
211536 	
213092 	
214600 	
216060 	
217476 	
218844 	
220172 	
221452 	
222692 	
223888 	
225044 	
226164 	
227240 	
228276 	
229280 	
230244 	
231172 	
232064 	
232924 	
233748 	
234544 	
235308 	
236040 	
236740 	
237416 	
238060 	
238680 	
239272 	
239840 	
240384 	
240900 	
241396 	
241868 	
242320 	
242752 	
243164 	
243556 	
243928 	
244284 	
244624 	
244944 	
245248 	
245540 	
245816 	
246076 	
246324 	
246556 	
246780 	
246988 	
247188 	
247376 	
247552 	
247720 	
247876 	
248028 	
248164 	
248296 	
248420 	
248536 	
248644 	
248748 	
248844 	
248932 	
249016 	
249092 	
249168 	
249236 	
249296 	
249356 	
249412 	
249464 	
249508 	
249552 	
249592 	
249632 	
249664 	
249696 	
249724 	
249752 	
249776 	
249800 	
249820 	
249840 	
249856 	
249872 	
249884 	
249900 	
249908 	
249920 	
249928 	
249940 	
249944 	
249952 	
249960 	
249964 	
249968 	
249972 	
249976 	
249980 	
249984 	
249984 	
249988 	
249988 	
249992 	
249992 	
249996 	
249996 	
249996 	
249996 	
249996 	
249996 	
250000 	
250000 	
250000 	
250000 	
250000 	
250000 	
250000 	
250000 	
250000 	
250000 	
250000 	
250000 	
250000 	
250000 	
250000 	
250000 	
250000 	
250000 	
250000 	
250000 	
250000 	
250000 	
250000 	
250000 	
250000 	
250000 	
