320128 	
294812 	
268844 	
242684 	
216776 	
191560 	
167444 	
144812 	
124008 	
105348 	
89096 	
75468 	
64648 	
56756 	
51872 	
50020 	
51180 	
55296 	
62252 	
71908 	
84080 	
98556 	
115092 	
133424 	
153268 	
174332 	
196308 	
218884 	
241752 	
264604 	
287144 	
309088 	
330164 	
350120 	
368728 	
385776 	
401084 	
414496 	
425880 	
435140 	
442196 	
447008 	
449556 	
449848 	
447920 	
443828 	
437660 	
429508 	
419496 	
407768 	
394464 	
379756 	
363820 	
346832 	
328980 	
310460 	
291464 	
272176 	
252796 	
233500 	
214468 	
195872 	
177876 	
160628 	
144268 	
128928 	
114720 	
101748 	
90096 	
79844 	
71048 	
63752 	
57992 	
53784 	
51136 	
50036 	
50464 	
52396 	
55780 	
60568 	
66704 	
74108 	
82712 	
92432 	
103172 	
114848 	
127356 	
140600 	
154472 	
168876 	
183704 	
198856 	
214228 	
229720 	
245232 	
260676 	
275952 	
290976 	
305668 	
319944 	
333736 	
346976 	
359596 	
371540 	
382764 	
393212 	
402852 	
411648 	
419572 	
426604 	
432720 	
437916 	
442180 	
445516 	
447920 	
449408 	
449992 	
449680 	
448500 	
446472 	
443624 	
439988 	
435592 	
430472 	
424664 	
418208 	
411144 	
403516 	
395360 	
386724 	
377648 	
368176 	
358356 	
348228 	
337836 	
327220 	
316428 	
305496 	
294468 	
283380 	
272272 	
261180 	
250140 	
239184 	
228348 	
217656 	
207144 	
196832 	
186756 	
176928 	
167376 	
158120 	
149180 	
140572 	
132308 	
124404 	
116876 	
109724 	
102968 	
96608 	
90656 	
85108 	
79976 	
75256 	
70948 	
67056 	
63576 	
60504 	
57840 	
55572 	
53704 	
52224 	
51128 	
50404 	
50044 	
50044 	
50392 	
51076 	
52088 	
53416 	
55052 	
56984 	
59196 	
61680 	
64428 	
67420 	
70652 	
74108 	
77776 	
81644 	
85704 	
89940 	
94344 	
98900 	
103600 	
108436 	
113392 	
118460 	
123632 	
128892 	
134232 	
139648 	
145124 	
150656 	
156232 	
161844 	
167484 	
173144 	
178820 	
184504 	
190184 	
195856 	
201516 	
207160 	
212776 	
218360 	
223912 	
229424 	
234888 	
240304 	
245668 	
250976 	
256224 	
261408 	
266528 	
271576 	
276556 	
281460 	
286288 	
291040 	
295712 	
300304 	
304816 	
309240 	
313584 	
317840 	
322012 	
326100 	
330100 	
334012 	
337840 	
341580 	
345236 	
348804 	
352284 	
355680 	
358992 	
362220 	
365364 	
368428 	
371408 	
374308 	
377124 	
379864 	
382528 	
385112 	
387620 	
390056 	
392416 	
394708 	
396924 	
399076 	
401156 	
403172 	
405120 	
407004 	
408824 	
410588 	
412288 	
413928 	
415512 	
417040 	
418516 	
419936 	
421304 	
422624 	
423892 	
425116 	
426288 	
427420 	
428504 	
429548 	
430548 	
431508 	
432432 	
433316 	
434164 	
434976 	
435752 	
436496 	
437208 	
437892 	
438540 	
439164 	
439756 	
440324 	
440864 	
441380 	
441872 	
442340 	
442784 	
443208 	
443612 	
443996 	
444360 	
444704 	
445032 	
445344 	
445640 	
445916 	
446180 	
446432 	
446668 	
446888 	
447100 	
447296 	
447484 	
447660 	
447828 	
447984 	
448128 	
448268 	
448396 	
448516 	
448628 	
448736 	
448836 	
448928 	
449012 	
449092 	
449168 	
449240 	
449304 	
449364 	
449420 	
449472 	
449520 	
449564 	
449604 	
449640 	
449676 	
449708 	
449736 	
449764 	
449788 	
449808 	
449828 	
449848 	
449864 	
449880 	
449892 	
449904 	
449916 	
449928 	
449936 	
449944 	
449952 	
449956 	
449964 	
449968 	
449972 	
449976 	
449980 	
449984 	
449984 	
449988 	
449992 	
449992 	
449992 	
449996 	
449996 	
449996 	
449996 	
449996 	
450000 	
450000 	
450000 	
450000 	
450000 	
450000 	
450000 	
450000 	
450000 	
450000 	
450000 	
450000 	
450000 	
450000 	
450000 	
450000 	
450000 	
450000 	
450000 	
450000 	
450000 	
450000 	
450000 	
450000 	
450000 	
450000 	
