2050000 	
2050000 	
2050000 	
2050000 	
2050000 	
2050000 	
2050000 	
2050000 	
2050000 	
2050000 	
2050000 	
2050000 	
2050000 	
2050000 	
2050000 	
2050000 	
2050000 	
2050000 	
2050000 	
2050000 	
2049996 	
2049996 	
2049996 	
2049996 	
2049992 	
2049992 	
2049988 	
2049984 	
2049980 	
2049976 	
2049972 	
2049964 	
2049960 	
2049952 	
2049940 	
2049928 	
2049916 	
2049900 	
2049884 	
2049864 	
2049844 	
2049816 	
2049788 	
2049756 	
2049720 	
2049680 	
2049636 	
2049584 	
2049528 	
2049468 	
2049396 	
2049320 	
2049240 	
2049144 	
2049044 	
2048932 	
2048812 	
2048680 	
2048532 	
2048376 	
2048204 	
2048016 	
2047812 	
2047592 	
2047352 	
2047096 	
2046816 	
2046516 	
2046192 	
2045844 	
2045468 	
2045068 	
2044636 	
2044172 	
2043676 	
2043148 	
2042580 	
2041976 	
2041332 	
2040644 	
2039912 	
2039132 	
2038304 	
2037424 	
2036488 	
2035496 	
2034444 	
2033332 	
2032152 	
2030904 	
2029584 	
2028192 	
2026720 	
2025164 	
2023524 	
2021800 	
2019980 	
2018064 	
2016048 	
2013928 	
2011700 	
2009360 	
2006904 	
2004324 	
2001620 	
1998788 	
1995816 	
1992708 	
1989452 	
1986048 	
1982488 	
1978764 	
1974876 	
1970816 	
1966580 	
1962156 	
1957548 	
1952740 	
1947736 	
1942520 	
1937092 	
1931444 	
1925572 	
1919464 	
1913116 	
1906528 	
1899680 	
1892576 	
1885208 	
1877564 	
1869644 	
1861432 	
1852932 	
1844128 	
1835020 	
1825596 	
1815852 	
1805780 	
1795376 	
1784628 	
1773536 	
1762088 	
1750280 	
1738104 	
1725560 	
1712632 	
1699324 	
1685624 	
1671532 	
1657036 	
1642136 	
1626828 	
1611108 	
1594968 	
1578408 	
1561424 	
1544016 	
1526176 	
1507904 	
1489204 	
1470068 	
1450500 	
1430500 	
1410068 	
1389208 	
1367920 	
1346204 	
1324072 	
1301524 	
1278568 	
1255208 	
1231448 	
1207304 	
1182780 	
1157888 	
1132640 	
1107048 	
1081128 	
1054888 	
1028348 	
1001528 	
974444 	
947112 	
919560 	
891808 	
863876 	
835796 	
807588 	
779288 	
750916 	
722512 	
694104 	
665728 	
637420 	
609216 	
581152 	
553276 	
525624 	
498240 	
471168 	
444456 	
418152 	
392304 	
366964 	
342180 	
318008 	
294500 	
271712 	
249696 	
228512 	
208220 	
188872 	
170532 	
153256 	
137104 	
122136 	
108408 	
95980 	
84912 	
75260 	
67084 	
60440 	
55376 	
51952 	
50220 	
50224 	
52012 	
55632 	
61120 	
68524 	
77868 	
89192 	
102520 	
117876 	
135280 	
154740 	
176272 	
199876 	
225544 	
253272 	
283048 	
314840 	
348628 	
384372 	
422024 	
461540 	
502856 	
545904 	
590608 	
636884 	
684640 	
733772 	
784168 	
835716 	
888284 	
941732 	
995924 	
1050700 	
1105904 	
1161360 	
1216900 	
1272336 	
1327480 	
1382136 	
1436100 	
1489172 	
1541136 	
1591780 	
1640884 	
1688236 	
1733616 	
1776800 	
1817576 	
1855728 	
1891044 	
1923320 	
1952356 	
1977952 	
1999936 	
2018124 	
2032364 	
2042500 	
2048400 	
2049952 	
2047048 	
2039608 	
2027572 	
2010900 	
1989572 	
1963600 	
1933012 	
1897864 	
1858248 	
1814264 	
1766064 	
1713812 	
1657708 	
1597976 	
1534876 	
1468688 	
1399728 	
1328340 	
1254884 	
1179760 	
1103372 	
1026168 	
948600 	
871140 	
794284 	
718528 	
644384 	
572364 	
502992 	
436780 	
374240 	
315868 	
262156 	
213568 	
170548 	
133516 	
102848 	
78900 	
61972 	
52328 	
50180 	
55680 	
68928 	
89964 	
118764 	
155236 	
199220 	
250488 	
308740 	
373604 	
444644 	
521348 	
603140 	
689380 	
779364 	
872340 	
967492 	
1063972 	
1160888 	
1257312 	
1352308 	
1444908 	
1534156 	
1619096 	
1698788 	
1772324 	
1838832 	
1897488 	
1947536 	
1988292 	
2019144 	
2039596 	
2049236 	
2047772 	
2035036 	
2010980 	
1975696 	
1929408 	
1872484 	
1805428 	
1728888 	
1643644 	
1550608 	
1450824 	
1345440 	
1235724 	
1123016 	
1008752 	
894416 	
781536 	
671664 	
566348 	
467116 	
375456 	
292776 	
220404 	
159544 	
111264 	
76476 	
55908 	
50096 	
59356 	
83788 	
123244 	
177348 	
245472 	
326740 	
420048 	
524060 	
637224 	
757808 	
883888 	
1013416 	
1144220 	
1274056 	
1400636 	
