   3.0726000e+00   0.0000000e+00   1.8000000e+00   1.0000000e-01  -1.0000000e+00   0.0000000e+00   1.0000000e+00   0.0000000e+00
   3.0726000e+00   1.0000000e+00   1.8000000e+00   1.0000000e-01  -1.0000000e+00   0.0000000e+00   1.0000000e+00   0.0000000e+00
   3.0726000e+00   0.0000000e+00   1.8000000e+00   1.0000000e-01  -1.0000000e+00   0.0000000e+00   1.0000000e+00   0.0000000e+00
   3.0726000e+00   1.0000000e+00   1.8000000e+00   1.0000000e-01  -1.0000000e+00   0.0000000e+00   1.0000000e+00   0.0000000e+00
   2.8011714e+00   0.0000000e+00   1.8000000e+00   3.7142857e-01  -1.0000000e+00   0.0000000e+00   1.0000000e+00   0.0000000e+00
   2.8011714e+00   1.0000000e+00   1.8000000e+00   3.7142857e-01  -1.0000000e+00   0.0000000e+00   1.0000000e+00   0.0000000e+00
   2.8011714e+00   0.0000000e+00   1.8000000e+00   3.7142857e-01  -1.0000000e+00   0.0000000e+00   1.0000000e+00   0.0000000e+00
   2.8011714e+00   1.0000000e+00   1.8000000e+00   3.7142857e-01  -1.0000000e+00   0.0000000e+00   1.0000000e+00   0.0000000e+00
   2.5297429e+00   0.0000000e+00   1.8000000e+00   6.4285714e-01  -1.0000000e+00   0.0000000e+00   1.0000000e+00   0.0000000e+00
   2.5297429e+00   1.0000000e+00   1.8000000e+00   6.4285714e-01  -1.0000000e+00   0.0000000e+00   1.0000000e+00   0.0000000e+00
   2.5297429e+00   0.0000000e+00   1.8000000e+00   6.4285714e-01  -1.0000000e+00   0.0000000e+00   1.0000000e+00   0.0000000e+00
   2.5297429e+00   1.0000000e+00   1.8000000e+00   6.4285714e-01  -1.0000000e+00   0.0000000e+00   1.0000000e+00   0.0000000e+00
   2.2583143e+00   0.0000000e+00   1.8000000e+00   9.1428571e-01  -1.0000000e+00   0.0000000e+00   1.0000000e+00   0.0000000e+00
   2.2583143e+00   1.0000000e+00   1.8000000e+00   9.1428571e-01  -1.0000000e+00   0.0000000e+00   1.0000000e+00   0.0000000e+00
   2.2583143e+00   0.0000000e+00   1.8000000e+00   9.1428571e-01  -1.0000000e+00   0.0000000e+00   1.0000000e+00   0.0000000e+00
   2.2583143e+00   1.0000000e+00   1.8000000e+00   9.1428571e-01  -1.0000000e+00   0.0000000e+00   1.0000000e+00   0.0000000e+00
   1.9868857e+00   0.0000000e+00   1.8000000e+00   1.1857143e+00  -1.0000000e+00   0.0000000e+00   1.0000000e+00   0.0000000e+00
   1.9868857e+00   1.0000000e+00   1.8000000e+00   1.1857143e+00  -1.0000000e+00   0.0000000e+00   1.0000000e+00   0.0000000e+00
   1.9868857e+00   0.0000000e+00   1.8000000e+00   1.1857143e+00  -1.0000000e+00   0.0000000e+00   1.0000000e+00   0.0000000e+00
   1.9868857e+00   1.0000000e+00   1.8000000e+00   1.1857143e+00  -1.0000000e+00   0.0000000e+00   1.0000000e+00   0.0000000e+00
   1.7154571e+00   0.0000000e+00   1.8000000e+00   1.4571429e+00  -1.0000000e+00   0.0000000e+00   1.0000000e+00   0.0000000e+00
   1.7154571e+00   1.0000000e+00   1.8000000e+00   1.4571429e+00  -1.0000000e+00   0.0000000e+00   1.0000000e+00   0.0000000e+00
   1.7154571e+00   0.0000000e+00   1.8000000e+00   1.4571429e+00  -1.0000000e+00   0.0000000e+00   1.0000000e+00   0.0000000e+00
   1.7154571e+00   1.0000000e+00   1.8000000e+00   1.4571429e+00  -1.0000000e+00   0.0000000e+00   1.0000000e+00   0.0000000e+00
   1.4440286e+00   0.0000000e+00   1.8000000e+00   1.7285714e+00  -1.0000000e+00   0.0000000e+00   1.0000000e+00   0.0000000e+00
   1.4440286e+00   1.0000000e+00   1.8000000e+00   1.7285714e+00  -1.0000000e+00   0.0000000e+00   1.0000000e+00   0.0000000e+00
   1.4440286e+00   0.0000000e+00   1.8000000e+00   1.7285714e+00  -1.0000000e+00   0.0000000e+00   1.0000000e+00   0.0000000e+00
   1.4440286e+00   1.0000000e+00   1.8000000e+00   1.7285714e+00  -1.0000000e+00   0.0000000e+00   1.0000000e+00   0.0000000e+00
   1.1726000e+00   0.0000000e+00   1.8000000e+00   2.0000000e+00  -1.0000000e+00   0.0000000e+00   1.0000000e+00   0.0000000e+00
   1.1726000e+00   1.0000000e+00   1.8000000e+00   2.0000000e+00  -1.0000000e+00   0.0000000e+00   1.0000000e+00   0.0000000e+00
   1.1726000e+00   0.0000000e+00   1.8000000e+00   2.0000000e+00  -1.0000000e+00   0.0000000e+00   1.0000000e+00   0.0000000e+00
   1.1726000e+00   1.0000000e+00   1.8000000e+00   2.0000000e+00  -1.0000000e+00   0.0000000e+00   1.0000000e+00   0.0000000e+00
