   1.1326000e+00   0.0000000e+00   1.8000000e+00   1.8000000e+00  -1.0000000e+00   0.0000000e+00   1.0000000e+00   0.0000000e+00
   1.1326000e+00   1.0000000e+00   1.8000000e+00   1.8000000e+00  -1.0000000e+00   0.0000000e+00   1.0000000e+00   0.0000000e+00
   1.1326000e+00   0.0000000e+00   1.8000000e+00   1.8000000e+00  -1.0000000e+00   0.0000000e+00   1.0000000e+00   0.0000000e+00
   1.1326000e+00   1.0000000e+00   1.8000000e+00   1.8000000e+00  -1.0000000e+00   0.0000000e+00   1.0000000e+00   0.0000000e+00
   1.1326000e+00   0.0000000e+00   1.8000000e+00   1.8000000e+00  -1.0000000e+00   0.0000000e+00   1.0000000e+00   0.0000000e+00
   1.1326000e+00   1.0000000e+00   1.8000000e+00   1.8000000e+00  -1.0000000e+00   0.0000000e+00   1.0000000e+00   0.0000000e+00
   1.1326000e+00   0.0000000e+00   1.8000000e+00   1.8000000e+00  -1.0000000e+00   0.0000000e+00   1.0000000e+00   0.0000000e+00
   1.1326000e+00   1.0000000e+00   1.8000000e+00   1.8000000e+00  -1.0000000e+00   0.0000000e+00   1.0000000e+00   0.0000000e+00
   1.1326000e+00   0.0000000e+00   1.8000000e+00   1.8000000e+00  -1.0000000e+00   0.0000000e+00   1.0000000e+00   0.0000000e+00
   1.1326000e+00   1.0000000e+00   1.8000000e+00   1.8000000e+00  -1.0000000e+00   0.0000000e+00   1.0000000e+00   0.0000000e+00
   1.1326000e+00   0.0000000e+00   1.8000000e+00   1.8000000e+00  -1.0000000e+00   0.0000000e+00   1.0000000e+00   0.0000000e+00
   1.1326000e+00   1.0000000e+00   1.8000000e+00   1.8000000e+00  -1.0000000e+00   0.0000000e+00   1.0000000e+00   0.0000000e+00
   1.1326000e+00   0.0000000e+00   1.8000000e+00   1.8000000e+00  -1.0000000e+00   0.0000000e+00   1.0000000e+00   0.0000000e+00
   1.1326000e+00   1.0000000e+00   1.8000000e+00   1.8000000e+00  -1.0000000e+00   0.0000000e+00   1.0000000e+00   0.0000000e+00
   1.1326000e+00   0.0000000e+00   1.8000000e+00   1.8000000e+00  -1.0000000e+00   0.0000000e+00   1.0000000e+00   0.0000000e+00
   1.1326000e+00   1.0000000e+00   1.8000000e+00   1.8000000e+00  -1.0000000e+00   0.0000000e+00   1.0000000e+00   0.0000000e+00
   1.1326000e+00   0.0000000e+00   1.8000000e+00   1.8000000e+00  -1.0000000e+00   0.0000000e+00   1.0000000e+00   0.0000000e+00
   1.1326000e+00   1.0000000e+00   1.8000000e+00   1.8000000e+00  -1.0000000e+00   0.0000000e+00   1.0000000e+00   0.0000000e+00
   1.1326000e+00   0.0000000e+00   1.8000000e+00   1.8000000e+00  -1.0000000e+00   0.0000000e+00   1.0000000e+00   0.0000000e+00
   1.1326000e+00   1.0000000e+00   1.8000000e+00   1.8000000e+00  -1.0000000e+00   0.0000000e+00   1.0000000e+00   0.0000000e+00
   1.1326000e+00   0.0000000e+00   1.8000000e+00   1.8000000e+00  -1.0000000e+00   0.0000000e+00   1.0000000e+00   0.0000000e+00
   1.1326000e+00   1.0000000e+00   1.8000000e+00   1.8000000e+00  -1.0000000e+00   0.0000000e+00   1.0000000e+00   0.0000000e+00
   1.1326000e+00   0.0000000e+00   1.8000000e+00   1.8000000e+00  -1.0000000e+00   0.0000000e+00   1.0000000e+00   0.0000000e+00
   1.1326000e+00   1.0000000e+00   1.8000000e+00   1.8000000e+00  -1.0000000e+00   0.0000000e+00   1.0000000e+00   0.0000000e+00
   1.1326000e+00   0.0000000e+00   1.8000000e+00   1.8000000e+00  -1.0000000e+00   0.0000000e+00   1.0000000e+00   0.0000000e+00
   1.1326000e+00   1.0000000e+00   1.8000000e+00   1.8000000e+00  -1.0000000e+00   0.0000000e+00   1.0000000e+00   0.0000000e+00
   1.1326000e+00   0.0000000e+00   1.8000000e+00   1.8000000e+00  -1.0000000e+00   0.0000000e+00   1.0000000e+00   0.0000000e+00
   1.1326000e+00   1.0000000e+00   1.8000000e+00   1.8000000e+00  -1.0000000e+00   0.0000000e+00   1.0000000e+00   0.0000000e+00
   1.1326000e+00   0.0000000e+00   1.8000000e+00   1.8000000e+00  -1.0000000e+00   0.0000000e+00   1.0000000e+00   0.0000000e+00
   1.1326000e+00   1.0000000e+00   1.8000000e+00   1.8000000e+00  -1.0000000e+00   0.0000000e+00   1.0000000e+00   0.0000000e+00
