4370000 	
4370000 	
4370000 	
4370000 	
4370000 	
4370000 	
4348372 	
4348372 	
4305116 	
4305116 	
4261860 	
4261860 	
4218604 	
4218604 	
4175348 	
4175348 	
4132092 	
4132092 	
4088836 	
4088836 	
4045580 	
4045580 	
4002324 	
4002324 	
3959068 	
3959068 	
3915816 	
3915816 	
3872560 	
3872560 	
3829304 	
3829304 	
3786048 	
3786048 	
3742792 	
3742792 	
3699536 	
3699536 	
3656280 	
3656280 	
3613024 	
3613024 	
3569768 	
3569768 	
3526512 	
3526512 	
3483256 	
3483256 	
3440000 	
3440000 	
