   5.0000000e-02   1.0000000e+00   1.1000000e+00   0.0000000e+00  -1.0000000e+00   0.0000000e+00   0.0000000e+00   0.0000000e+00
   5.0000000e-02   0.0000000e+00   1.0998881e+00   0.0000000e+00  -1.0000000e+00   0.0000000e+00  -1.0000000e+00   0.0000000e+00
   5.0000000e-02   1.0000000e+00   1.0995466e+00   0.0000000e+00  -1.0000000e+00   0.0000000e+00  -1.0000000e+00   0.0000000e+00
   5.0000000e-02   0.0000000e+00   1.0989665e+00   0.0000000e+00  -1.0000000e+00   0.0000000e+00   1.0000000e+00   0.0000000e+00
   5.0000000e-02   1.0000000e+00   1.0981390e+00   0.0000000e+00  -1.0000000e+00   0.0000000e+00  -1.0000000e+00   0.0000000e+00
   5.0000000e-02   1.0000000e+00   1.0970553e+00   0.0000000e+00  -1.0000000e+00   0.0000000e+00   1.0000000e+00   0.0000000e+00
   5.0000000e-02   1.0000000e+00   1.0957065e+00   0.0000000e+00  -1.0000000e+00   0.0000000e+00  -1.0000000e+00   0.0000000e+00
   5.0000000e-02   1.0000000e+00   1.0940838e+00   0.0000000e+00  -1.0000000e+00   0.0000000e+00   1.0000000e+00   0.0000000e+00
   5.0000000e-02   0.0000000e+00   1.0921787e+00   0.0000000e+00  -1.0000000e+00   0.0000000e+00   0.0000000e+00   0.0000000e+00
   5.0000000e-02   0.0000000e+00   1.0899824e+00   0.0000000e+00  -1.0000000e+00   0.0000000e+00  -1.0000000e+00   0.0000000e+00
   5.0000000e-02   1.0000000e+00   1.0874866e+00   0.0000000e+00  -1.0000000e+00   0.0000000e+00   1.0000000e+00   0.0000000e+00
   5.0000000e-02   0.0000000e+00   1.0846828e+00   0.0000000e+00  -1.0000000e+00   0.0000000e+00  -1.0000000e+00   0.0000000e+00
   5.0000000e-02   0.0000000e+00   1.0815628e+00   0.0000000e+00  -1.0000000e+00   0.0000000e+00   1.0000000e+00   0.0000000e+00
   5.0000000e-02   0.0000000e+00   1.0781186e+00   0.0000000e+00  -1.0000000e+00   0.0000000e+00   1.0000000e+00   0.0000000e+00
   5.0000000e-02   0.0000000e+00   1.0743424e+00   0.0000000e+00  -1.0000000e+00   0.0000000e+00   0.0000000e+00   0.0000000e+00
   5.0000000e-02   0.0000000e+00   1.0702264e+00   0.0000000e+00  -1.0000000e+00   0.0000000e+00   1.0000000e+00   0.0000000e+00
   5.0000000e-02   1.0000000e+00   1.0657634e+00   0.0000000e+00  -1.0000000e+00   0.0000000e+00   0.0000000e+00   0.0000000e+00
   5.0000000e-02   0.0000000e+00   1.0609461e+00   0.0000000e+00  -1.0000000e+00   0.0000000e+00   1.0000000e+00   0.0000000e+00
   5.0000000e-02   1.0000000e+00   1.0557677e+00   0.0000000e+00  -1.0000000e+00   0.0000000e+00  -1.0000000e+00   0.0000000e+00
   5.0000000e-02   1.0000000e+00   1.0502216e+00   0.0000000e+00  -1.0000000e+00   0.0000000e+00  -1.0000000e+00   0.0000000e+00
   5.0000000e-02   0.0000000e+00   1.0443018e+00   0.0000000e+00  -1.0000000e+00   0.0000000e+00  -1.0000000e+00   0.0000000e+00
   5.0000000e-02   1.0000000e+00   1.0380022e+00   0.0000000e+00  -1.0000000e+00   0.0000000e+00  -1.0000000e+00   0.0000000e+00
   5.0000000e-02   0.0000000e+00   1.0313176e+00   0.0000000e+00  -1.0000000e+00   0.0000000e+00   1.0000000e+00   0.0000000e+00
   5.0000000e-02   0.0000000e+00   1.0242428e+00   0.0000000e+00  -1.0000000e+00   0.0000000e+00   1.0000000e+00   0.0000000e+00
   5.0000000e-02   1.0000000e+00   1.0167733e+00   0.0000000e+00  -1.0000000e+00   0.0000000e+00  -1.0000000e+00   0.0000000e+00
   5.0000000e-02   0.0000000e+00   1.0089050e+00   0.0000000e+00  -1.0000000e+00   0.0000000e+00   0.0000000e+00   0.0000000e+00
   5.0000000e-02   0.0000000e+00   1.0006343e+00   0.0000000e+00  -1.0000000e+00   0.0000000e+00  -1.0000000e+00   0.0000000e+00
   5.0000000e-02   1.0000000e+00   9.9195817e-01   0.0000000e+00  -1.0000000e+00   0.0000000e+00  -1.0000000e+00   0.0000000e+00
   5.0000000e-02   1.0000000e+00   9.8287410e-01   0.0000000e+00  -1.0000000e+00   0.0000000e+00  -1.0000000e+00   0.0000000e+00
   5.0000000e-02   1.0000000e+00   9.7338023e-01   0.0000000e+00  -1.0000000e+00   0.0000000e+00   0.0000000e+00   0.0000000e+00
   5.0000000e-02   0.0000000e+00   9.6347530e-01   0.0000000e+00  -1.0000000e+00   0.0000000e+00   1.0000000e+00   0.0000000e+00
   5.0000000e-02   0.0000000e+00   9.5315871e-01   0.0000000e+00  -1.0000000e+00   0.0000000e+00   1.0000000e+00   0.0000000e+00
   5.0000000e-02   1.0000000e+00   9.4243055e-01   0.0000000e+00  -1.0000000e+00   0.0000000e+00   0.0000000e+00   0.0000000e+00
   5.0000000e-02   0.0000000e+00   9.3129164e-01   0.0000000e+00  -1.0000000e+00   0.0000000e+00   1.0000000e+00   0.0000000e+00
   5.0000000e-02   1.0000000e+00   9.1974353e-01   0.0000000e+00  -1.0000000e+00   0.0000000e+00  -1.0000000e+00   0.0000000e+00
   5.0000000e-02   1.0000000e+00   9.0778858e-01   0.0000000e+00  -1.0000000e+00   0.0000000e+00   1.0000000e+00   0.0000000e+00
   5.0000000e-02   1.0000000e+00   8.9542994e-01   0.0000000e+00  -1.0000000e+00   0.0000000e+00   1.0000000e+00   0.0000000e+00
   5.0000000e-02   0.0000000e+00   8.8267158e-01   0.0000000e+00  -1.0000000e+00   0.0000000e+00  -1.0000000e+00   0.0000000e+00
   5.0000000e-02   0.0000000e+00   8.6951838e-01   0.0000000e+00  -1.0000000e+00   0.0000000e+00  -1.0000000e+00   0.0000000e+00
   5.0000000e-02   0.0000000e+00   8.5597609e-01   0.0000000e+00  -1.0000000e+00   0.0000000e+00  -1.0000000e+00   0.0000000e+00
   5.0000000e-02   1.0000000e+00   8.4205137e-01   0.0000000e+00  -1.0000000e+00   0.0000000e+00  -1.0000000e+00   0.0000000e+00
   5.0000000e-02   0.0000000e+00   8.2775185e-01   0.0000000e+00  -1.0000000e+00   0.0000000e+00   1.0000000e+00   0.0000000e+00
   5.0000000e-02   0.0000000e+00   8.1308613e-01   0.0000000e+00  -1.0000000e+00   0.0000000e+00   0.0000000e+00   0.0000000e+00
   5.0000000e-02   1.0000000e+00   7.9806378e-01   0.0000000e+00  -1.0000000e+00   0.0000000e+00  -1.0000000e+00   0.0000000e+00
   5.0000000e-02   0.0000000e+00   7.8269543e-01   0.0000000e+00  -1.0000000e+00   0.0000000e+00  -1.0000000e+00   0.0000000e+00
   5.0000000e-02   1.0000000e+00   7.6699273e-01   0.0000000e+00  -1.0000000e+00   0.0000000e+00   1.0000000e+00   0.0000000e+00
   5.0000000e-02   0.0000000e+00   7.5096836e-01   0.0000000e+00  -1.0000000e+00   0.0000000e+00   1.0000000e+00   0.0000000e+00
   5.0000000e-02   0.0000000e+00   7.3463613e-01   0.0000000e+00  -1.0000000e+00   0.0000000e+00   0.0000000e+00   0.0000000e+00
   5.0000000e-02   1.0000000e+00   7.1801089e-01   0.0000000e+00  -1.0000000e+00   0.0000000e+00  -1.0000000e+00   0.0000000e+00
   5.0000000e-02   1.0000000e+00   7.0110863e-01   0.0000000e+00  -1.0000000e+00   0.0000000e+00   0.0000000e+00   0.0000000e+00
   5.0000000e-02   1.0000000e+00   6.8394643e-01   0.0000000e+00  -1.0000000e+00   0.0000000e+00  -1.0000000e+00   0.0000000e+00
   5.0000000e-02   1.0000000e+00   6.6654252e-01   0.0000000e+00  -1.0000000e+00   0.0000000e+00   1.0000000e+00   0.0000000e+00
   5.0000000e-02   0.0000000e+00   6.4891622e-01   0.0000000e+00  -1.0000000e+00   0.0000000e+00  -1.0000000e+00   0.0000000e+00
   5.0000000e-02   0.0000000e+00   6.3108803e-01   0.0000000e+00  -1.0000000e+00   0.0000000e+00   1.0000000e+00   0.0000000e+00
   5.0000000e-02   0.0000000e+00   6.1307955e-01   0.0000000e+00  -1.0000000e+00   0.0000000e+00   1.0000000e+00   0.0000000e+00
   5.0000000e-02   1.0000000e+00   5.9491351e-01   0.0000000e+00  -1.0000000e+00   0.0000000e+00   1.0000000e+00   0.0000000e+00
   5.0000000e-02   0.0000000e+00   5.7661377e-01   0.0000000e+00  -1.0000000e+00   0.0000000e+00   1.0000000e+00   0.0000000e+00
   5.0000000e-02   1.0000000e+00   5.5820532e-01   0.0000000e+00  -1.0000000e+00   0.0000000e+00  -1.0000000e+00   0.0000000e+00
   5.0000000e-02   0.0000000e+00   5.3971422e-01   0.0000000e+00  -1.0000000e+00   0.0000000e+00   1.0000000e+00   0.0000000e+00
   5.0000000e-02   1.0000000e+00   5.2116763e-01   0.0000000e+00  -1.0000000e+00   0.0000000e+00  -1.0000000e+00   0.0000000e+00
   5.0000000e-02   1.0000000e+00   5.0259378e-01   0.0000000e+00  -1.0000000e+00   0.0000000e+00  -1.0000000e+00   0.0000000e+00
   5.0000000e-02   1.0000000e+00   4.8402192e-01   0.0000000e+00  -1.0000000e+00   0.0000000e+00   0.0000000e+00   0.0000000e+00
   5.0000000e-02   0.0000000e+00   4.6548233e-01   0.0000000e+00  -1.0000000e+00   0.0000000e+00   1.0000000e+00   0.0000000e+00
   5.0000000e-02   0.0000000e+00   4.4700624e-01   0.0000000e+00  -1.0000000e+00   0.0000000e+00   0.0000000e+00   0.0000000e+00
   5.0000000e-02   1.0000000e+00   4.2862583e-01   0.0000000e+00  -1.0000000e+00   0.0000000e+00  -1.0000000e+00   0.0000000e+00
   5.0000000e-02   0.0000000e+00   4.1037419e-01   0.0000000e+00  -1.0000000e+00   0.0000000e+00  -1.0000000e+00   0.0000000e+00
   5.0000000e-02   1.0000000e+00   3.9228523e-01   0.0000000e+00  -1.0000000e+00   0.0000000e+00  -1.0000000e+00   0.0000000e+00
   5.0000000e-02   0.0000000e+00   3.7439368e-01   0.0000000e+00  -1.0000000e+00   0.0000000e+00  -1.0000000e+00   0.0000000e+00
   5.0000000e-02   0.0000000e+00   3.5673501e-01   0.0000000e+00  -1.0000000e+00   0.0000000e+00   0.0000000e+00   0.0000000e+00
   5.0000000e-02   1.0000000e+00   3.3934535e-01   0.0000000e+00  -1.0000000e+00   0.0000000e+00   0.0000000e+00   0.0000000e+00
   5.0000000e-02   0.0000000e+00   3.2226145e-01   0.0000000e+00  -1.0000000e+00   0.0000000e+00   0.0000000e+00   0.0000000e+00
   5.0000000e-02   1.0000000e+00   3.0552062e-01   0.0000000e+00  -1.0000000e+00   0.0000000e+00   0.0000000e+00   0.0000000e+00
   5.0000000e-02   0.0000000e+00   2.8916061e-01   0.0000000e+00  -1.0000000e+00   0.0000000e+00   0.0000000e+00   0.0000000e+00
   5.0000000e-02   0.0000000e+00   2.7321957e-01   0.0000000e+00  -1.0000000e+00   0.0000000e+00  -1.0000000e+00   0.0000000e+00
   5.0000000e-02   1.0000000e+00   2.5773593e-01   0.0000000e+00  -1.0000000e+00   0.0000000e+00  -1.0000000e+00   0.0000000e+00
   5.0000000e-02   0.0000000e+00   2.4274833e-01   0.0000000e+00  -1.0000000e+00   0.0000000e+00   0.0000000e+00   0.0000000e+00
   5.0000000e-02   0.0000000e+00   2.2829555e-01   0.0000000e+00  -1.0000000e+00   0.0000000e+00   1.0000000e+00   0.0000000e+00
   5.0000000e-02   1.0000000e+00   2.1441633e-01   0.0000000e+00  -1.0000000e+00   0.0000000e+00   0.0000000e+00   0.0000000e+00
   5.0000000e-02   1.0000000e+00   2.0114933e-01   0.0000000e+00  -1.0000000e+00   0.0000000e+00   1.0000000e+00   0.0000000e+00
   5.0000000e-02   1.0000000e+00   1.8853302e-01   0.0000000e+00  -1.0000000e+00   0.0000000e+00  -1.0000000e+00   0.0000000e+00
   5.0000000e-02   1.0000000e+00   1.7660552e-01   0.0000000e+00  -1.0000000e+00   0.0000000e+00  -1.0000000e+00   0.0000000e+00
   5.0000000e-02   0.0000000e+00   1.6540451e-01   0.0000000e+00  -1.0000000e+00   0.0000000e+00   1.0000000e+00   0.0000000e+00
   5.0000000e-02   1.0000000e+00   1.5496712e-01   0.0000000e+00  -1.0000000e+00   0.0000000e+00   1.0000000e+00   0.0000000e+00
   5.0000000e-02   1.0000000e+00   1.4532976e-01   0.0000000e+00  -1.0000000e+00   0.0000000e+00   0.0000000e+00   0.0000000e+00
   5.0000000e-02   0.0000000e+00   1.3652803e-01   0.0000000e+00  -1.0000000e+00   0.0000000e+00   1.0000000e+00   0.0000000e+00
   5.0000000e-02   0.0000000e+00   1.2859657e-01   0.0000000e+00  -1.0000000e+00   0.0000000e+00   0.0000000e+00   0.0000000e+00
   5.0000000e-02   0.0000000e+00   1.2156890e-01   0.0000000e+00  -1.0000000e+00   0.0000000e+00   0.0000000e+00   0.0000000e+00
   5.0000000e-02   0.0000000e+00   1.1547733e-01   0.0000000e+00  -1.0000000e+00   0.0000000e+00   0.0000000e+00   0.0000000e+00
   5.0000000e-02   1.0000000e+00   1.1035276e-01   0.0000000e+00  -1.0000000e+00   0.0000000e+00   0.0000000e+00   0.0000000e+00
   5.0000000e-02   0.0000000e+00   1.0622460e-01   0.0000000e+00  -1.0000000e+00   0.0000000e+00   1.0000000e+00   0.0000000e+00
   5.0000000e-02   1.0000000e+00   1.0312054e-01   0.0000000e+00  -1.0000000e+00   0.0000000e+00  -1.0000000e+00   0.0000000e+00
   5.0000000e-02   0.0000000e+00   1.0106650e-01   0.0000000e+00  -1.0000000e+00   0.0000000e+00   1.0000000e+00   0.0000000e+00
   5.0000000e-02   1.0000000e+00   1.0008639e-01   0.0000000e+00  -1.0000000e+00   0.0000000e+00  -1.0000000e+00   0.0000000e+00
   5.0000000e-02   0.0000000e+00   1.0020203e-01   0.0000000e+00  -1.0000000e+00   0.0000000e+00   0.0000000e+00   0.0000000e+00
   5.0000000e-02   1.0000000e+00   1.0143299e-01   0.0000000e+00  -1.0000000e+00   0.0000000e+00  -1.0000000e+00   0.0000000e+00
   5.0000000e-02   1.0000000e+00   1.0379639e-01   0.0000000e+00  -1.0000000e+00   0.0000000e+00   0.0000000e+00   0.0000000e+00
   5.0000000e-02   1.0000000e+00   1.0730686e-01   0.0000000e+00  -1.0000000e+00   0.0000000e+00  -1.0000000e+00   0.0000000e+00
   5.0000000e-02   0.0000000e+00   1.1197628e-01   0.0000000e+00  -1.0000000e+00   0.0000000e+00   1.0000000e+00   0.0000000e+00
   5.0000000e-02   1.0000000e+00   1.1781374e-01   0.0000000e+00  -1.0000000e+00   0.0000000e+00  -1.0000000e+00   0.0000000e+00
   5.0000000e-02   0.0000000e+00   1.2482535e-01   0.0000000e+00  -1.0000000e+00   0.0000000e+00  -1.0000000e+00   0.0000000e+00
   5.0000000e-02   0.0000000e+00   1.3301414e-01   0.0000000e+00  -1.0000000e+00   0.0000000e+00   0.0000000e+00   0.0000000e+00
   5.0000000e-02   1.0000000e+00   1.4237990e-01   0.0000000e+00  -1.0000000e+00   0.0000000e+00  -1.0000000e+00   0.0000000e+00
   5.0000000e-02   1.0000000e+00   1.5291910e-01   0.0000000e+00  -1.0000000e+00   0.0000000e+00  -1.0000000e+00   0.0000000e+00
   5.0000000e-02   0.0000000e+00   1.6462476e-01   0.0000000e+00  -1.0000000e+00   0.0000000e+00  -1.0000000e+00   0.0000000e+00
   5.0000000e-02   1.0000000e+00   1.7748636e-01   0.0000000e+00  -1.0000000e+00   0.0000000e+00   1.0000000e+00   0.0000000e+00
   5.0000000e-02   0.0000000e+00   1.9148972e-01   0.0000000e+00  -1.0000000e+00   0.0000000e+00  -1.0000000e+00   0.0000000e+00
   5.0000000e-02   0.0000000e+00   2.0661694e-01   0.0000000e+00  -1.0000000e+00   0.0000000e+00  -1.0000000e+00   0.0000000e+00
   5.0000000e-02   0.0000000e+00   2.2284630e-01   0.0000000e+00  -1.0000000e+00   0.0000000e+00   0.0000000e+00   0.0000000e+00
   5.0000000e-02   0.0000000e+00   2.4015222e-01   0.0000000e+00  -1.0000000e+00   0.0000000e+00  -1.0000000e+00   0.0000000e+00
   5.0000000e-02   0.0000000e+00   2.5850519e-01   0.0000000e+00  -1.0000000e+00   0.0000000e+00  -1.0000000e+00   0.0000000e+00
   5.0000000e-02   1.0000000e+00   2.7787174e-01   0.0000000e+00  -1.0000000e+00   0.0000000e+00  -1.0000000e+00   0.0000000e+00
   5.0000000e-02   0.0000000e+00   2.9821441e-01   0.0000000e+00  -1.0000000e+00   0.0000000e+00  -1.0000000e+00   0.0000000e+00
   5.0000000e-02   1.0000000e+00   3.1949172e-01   0.0000000e+00  -1.0000000e+00   0.0000000e+00   1.0000000e+00   0.0000000e+00
   5.0000000e-02   0.0000000e+00   3.4165821e-01   0.0000000e+00  -1.0000000e+00   0.0000000e+00   1.0000000e+00   0.0000000e+00
   5.0000000e-02   1.0000000e+00   3.6466440e-01   0.0000000e+00  -1.0000000e+00   0.0000000e+00   1.0000000e+00   0.0000000e+00
   5.0000000e-02   1.0000000e+00   3.8845690e-01   0.0000000e+00  -1.0000000e+00   0.0000000e+00   0.0000000e+00   0.0000000e+00
   5.0000000e-02   0.0000000e+00   4.1297839e-01   0.0000000e+00  -1.0000000e+00   0.0000000e+00   0.0000000e+00   0.0000000e+00
   5.0000000e-02   0.0000000e+00   4.3816771e-01   0.0000000e+00  -1.0000000e+00   0.0000000e+00   0.0000000e+00   0.0000000e+00
   5.0000000e-02   1.0000000e+00   4.6395998e-01   0.0000000e+00  -1.0000000e+00   0.0000000e+00   1.0000000e+00   0.0000000e+00
   5.0000000e-02   0.0000000e+00   4.9028666e-01   0.0000000e+00  -1.0000000e+00   0.0000000e+00   0.0000000e+00   0.0000000e+00
   5.0000000e-02   0.0000000e+00   5.1707568e-01   0.0000000e+00  -1.0000000e+00   0.0000000e+00   0.0000000e+00   0.0000000e+00
   5.0000000e-02   1.0000000e+00   5.4425160e-01   0.0000000e+00  -1.0000000e+00   0.0000000e+00   0.0000000e+00   0.0000000e+00
   5.0000000e-02   1.0000000e+00   5.7173579e-01   0.0000000e+00  -1.0000000e+00   0.0000000e+00  -1.0000000e+00   0.0000000e+00
   5.0000000e-02   1.0000000e+00   5.9944654e-01   0.0000000e+00  -1.0000000e+00   0.0000000e+00  -1.0000000e+00   0.0000000e+00
   5.0000000e-02   1.0000000e+00   6.2729934e-01   0.0000000e+00  -1.0000000e+00   0.0000000e+00   0.0000000e+00   0.0000000e+00
   5.0000000e-02   0.0000000e+00   6.5520708e-01   0.0000000e+00  -1.0000000e+00   0.0000000e+00  -1.0000000e+00   0.0000000e+00
   5.0000000e-02   1.0000000e+00   6.8308026e-01   0.0000000e+00  -1.0000000e+00   0.0000000e+00   0.0000000e+00   0.0000000e+00
   5.0000000e-02   1.0000000e+00   7.1082729e-01   0.0000000e+00  -1.0000000e+00   0.0000000e+00   1.0000000e+00   0.0000000e+00
   5.0000000e-02   1.0000000e+00   7.3835474e-01   0.0000000e+00  -1.0000000e+00   0.0000000e+00   0.0000000e+00   0.0000000e+00
   5.0000000e-02   0.0000000e+00   7.6556769e-01   0.0000000e+00  -1.0000000e+00   0.0000000e+00   0.0000000e+00   0.0000000e+00
   5.0000000e-02   1.0000000e+00   7.9236999e-01   0.0000000e+00  -1.0000000e+00   0.0000000e+00  -1.0000000e+00   0.0000000e+00
   5.0000000e-02   1.0000000e+00   8.1866464e-01   0.0000000e+00  -1.0000000e+00   0.0000000e+00   0.0000000e+00   0.0000000e+00
   5.0000000e-02   1.0000000e+00   8.4435412e-01   0.0000000e+00  -1.0000000e+00   0.0000000e+00  -1.0000000e+00   0.0000000e+00
   5.0000000e-02   1.0000000e+00   8.6934077e-01   0.0000000e+00  -1.0000000e+00   0.0000000e+00   1.0000000e+00   0.0000000e+00
   5.0000000e-02   1.0000000e+00   8.9352719e-01   0.0000000e+00  -1.0000000e+00   0.0000000e+00   1.0000000e+00   0.0000000e+00
   5.0000000e-02   1.0000000e+00   9.1681662e-01   0.0000000e+00  -1.0000000e+00   0.0000000e+00  -1.0000000e+00   0.0000000e+00
   5.0000000e-02   0.0000000e+00   9.3911336e-01   0.0000000e+00  -1.0000000e+00   0.0000000e+00  -1.0000000e+00   0.0000000e+00
   5.0000000e-02   0.0000000e+00   9.6032320e-01   0.0000000e+00  -1.0000000e+00   0.0000000e+00   0.0000000e+00   0.0000000e+00
   5.0000000e-02   0.0000000e+00   9.8035385e-01   0.0000000e+00  -1.0000000e+00   0.0000000e+00   1.0000000e+00   0.0000000e+00
   5.0000000e-02   1.0000000e+00   9.9911541e-01   0.0000000e+00  -1.0000000e+00   0.0000000e+00   1.0000000e+00   0.0000000e+00
   5.0000000e-02   1.0000000e+00   1.0165208e+00   0.0000000e+00  -1.0000000e+00   0.0000000e+00   1.0000000e+00   0.0000000e+00
   5.0000000e-02   1.0000000e+00   1.0324861e+00   0.0000000e+00  -1.0000000e+00   0.0000000e+00   1.0000000e+00   0.0000000e+00
   5.0000000e-02   0.0000000e+00   1.0469313e+00   0.0000000e+00  -1.0000000e+00   0.0000000e+00  -1.0000000e+00   0.0000000e+00
   5.0000000e-02   0.0000000e+00   1.0597806e+00   0.0000000e+00  -1.0000000e+00   0.0000000e+00  -1.0000000e+00   0.0000000e+00
   5.0000000e-02   0.0000000e+00   1.0709625e+00   0.0000000e+00  -1.0000000e+00   0.0000000e+00   1.0000000e+00   0.0000000e+00
   5.0000000e-02   1.0000000e+00   1.0804111e+00   0.0000000e+00  -1.0000000e+00   0.0000000e+00   0.0000000e+00   0.0000000e+00
   5.0000000e-02   0.0000000e+00   1.0880657e+00   0.0000000e+00  -1.0000000e+00   0.0000000e+00  -1.0000000e+00   0.0000000e+00
   5.0000000e-02   0.0000000e+00   1.0938718e+00   0.0000000e+00  -1.0000000e+00   0.0000000e+00   1.0000000e+00   0.0000000e+00
   5.0000000e-02   0.0000000e+00   1.0977810e+00   0.0000000e+00  -1.0000000e+00   0.0000000e+00   1.0000000e+00   0.0000000e+00
   5.0000000e-02   1.0000000e+00   1.0997522e+00   0.0000000e+00  -1.0000000e+00   0.0000000e+00   1.0000000e+00   0.0000000e+00
   5.0000000e-02   0.0000000e+00   1.0997511e+00   0.0000000e+00  -1.0000000e+00   0.0000000e+00   1.0000000e+00   0.0000000e+00
   5.0000000e-02   1.0000000e+00   1.0977512e+00   0.0000000e+00  -1.0000000e+00   0.0000000e+00   0.0000000e+00   0.0000000e+00
   5.0000000e-02   1.0000000e+00   1.0937339e+00   0.0000000e+00  -1.0000000e+00   0.0000000e+00  -1.0000000e+00   0.0000000e+00
   5.0000000e-02   0.0000000e+00   1.0876889e+00   0.0000000e+00  -1.0000000e+00   0.0000000e+00   0.0000000e+00   0.0000000e+00
   5.0000000e-02   0.0000000e+00   1.0796144e+00   0.0000000e+00  -1.0000000e+00   0.0000000e+00   1.0000000e+00   0.0000000e+00
   5.0000000e-02   0.0000000e+00   1.0695176e+00   0.0000000e+00  -1.0000000e+00   0.0000000e+00  -1.0000000e+00   0.0000000e+00
   5.0000000e-02   0.0000000e+00   1.0574146e+00   0.0000000e+00  -1.0000000e+00   0.0000000e+00   1.0000000e+00   0.0000000e+00
   5.0000000e-02   1.0000000e+00   1.0433307e+00   0.0000000e+00  -1.0000000e+00   0.0000000e+00   1.0000000e+00   0.0000000e+00
   5.0000000e-02   0.0000000e+00   1.0273010e+00   0.0000000e+00  -1.0000000e+00   0.0000000e+00   0.0000000e+00   0.0000000e+00
   5.0000000e-02   0.0000000e+00   1.0093696e+00   0.0000000e+00  -1.0000000e+00   0.0000000e+00   0.0000000e+00   0.0000000e+00
   5.0000000e-02   1.0000000e+00   9.8959061e-01   0.0000000e+00  -1.0000000e+00   0.0000000e+00   1.0000000e+00   0.0000000e+00
   5.0000000e-02   1.0000000e+00   9.6802757e-01   0.0000000e+00  -1.0000000e+00   0.0000000e+00   0.0000000e+00   0.0000000e+00
   5.0000000e-02   0.0000000e+00   9.4475367e-01   0.0000000e+00  -1.0000000e+00   0.0000000e+00   1.0000000e+00   0.0000000e+00
   5.0000000e-02   1.0000000e+00   9.1985159e-01   0.0000000e+00  -1.0000000e+00   0.0000000e+00   0.0000000e+00   0.0000000e+00
   5.0000000e-02   0.0000000e+00   8.9341339e-01   0.0000000e+00  -1.0000000e+00   0.0000000e+00  -1.0000000e+00   0.0000000e+00
   5.0000000e-02   0.0000000e+00   8.6554033e-01   0.0000000e+00  -1.0000000e+00   0.0000000e+00   0.0000000e+00   0.0000000e+00
   5.0000000e-02   1.0000000e+00   8.3634263e-01   0.0000000e+00  -1.0000000e+00   0.0000000e+00   1.0000000e+00   0.0000000e+00
   5.0000000e-02   1.0000000e+00   8.0593916e-01   0.0000000e+00  -1.0000000e+00   0.0000000e+00  -1.0000000e+00   0.0000000e+00
   5.0000000e-02   1.0000000e+00   7.7445706e-01   0.0000000e+00  -1.0000000e+00   0.0000000e+00   0.0000000e+00   0.0000000e+00
   5.0000000e-02   0.0000000e+00   7.4203140e-01   0.0000000e+00  -1.0000000e+00   0.0000000e+00  -1.0000000e+00   0.0000000e+00
   5.0000000e-02   1.0000000e+00   7.0880462e-01   0.0000000e+00  -1.0000000e+00   0.0000000e+00  -1.0000000e+00   0.0000000e+00
   5.0000000e-02   0.0000000e+00   6.7492609e-01   0.0000000e+00  -1.0000000e+00   0.0000000e+00   1.0000000e+00   0.0000000e+00
   5.0000000e-02   0.0000000e+00   6.4055143e-01   0.0000000e+00  -1.0000000e+00   0.0000000e+00   0.0000000e+00   0.0000000e+00
   5.0000000e-02   1.0000000e+00   6.0584197e-01   0.0000000e+00  -1.0000000e+00   0.0000000e+00   0.0000000e+00   0.0000000e+00
   5.0000000e-02   1.0000000e+00   5.7096397e-01   0.0000000e+00  -1.0000000e+00   0.0000000e+00   1.0000000e+00   0.0000000e+00
   5.0000000e-02   1.0000000e+00   5.3608791e-01   0.0000000e+00  -1.0000000e+00   0.0000000e+00   0.0000000e+00   0.0000000e+00
   5.0000000e-02   1.0000000e+00   5.0138773e-01   0.0000000e+00  -1.0000000e+00   0.0000000e+00   0.0000000e+00   0.0000000e+00
   5.0000000e-02   0.0000000e+00   4.6703989e-01   0.0000000e+00  -1.0000000e+00   0.0000000e+00   1.0000000e+00   0.0000000e+00
   5.0000000e-02   1.0000000e+00   4.3322259e-01   0.0000000e+00  -1.0000000e+00   0.0000000e+00   0.0000000e+00   0.0000000e+00
   5.0000000e-02   0.0000000e+00   4.0011476e-01   0.0000000e+00  -1.0000000e+00   0.0000000e+00   0.0000000e+00   0.0000000e+00
   5.0000000e-02   0.0000000e+00   3.6789515e-01   0.0000000e+00  -1.0000000e+00   0.0000000e+00   0.0000000e+00   0.0000000e+00
   5.0000000e-02   1.0000000e+00   3.3674130e-01   0.0000000e+00  -1.0000000e+00   0.0000000e+00  -1.0000000e+00   0.0000000e+00
   5.0000000e-02   0.0000000e+00   3.0682852e-01   0.0000000e+00  -1.0000000e+00   0.0000000e+00   1.0000000e+00   0.0000000e+00
   5.0000000e-02   0.0000000e+00   2.7832886e-01   0.0000000e+00  -1.0000000e+00   0.0000000e+00   0.0000000e+00   0.0000000e+00
   5.0000000e-02   1.0000000e+00   2.5141004e-01   0.0000000e+00  -1.0000000e+00   0.0000000e+00   0.0000000e+00   0.0000000e+00
   5.0000000e-02   0.0000000e+00   2.2623438e-01   0.0000000e+00  -1.0000000e+00   0.0000000e+00  -1.0000000e+00   0.0000000e+00
   5.0000000e-02   1.0000000e+00   2.0295772e-01   0.0000000e+00  -1.0000000e+00   0.0000000e+00   0.0000000e+00   0.0000000e+00
   5.0000000e-02   0.0000000e+00   1.8172835e-01   0.0000000e+00  -1.0000000e+00   0.0000000e+00   1.0000000e+00   0.0000000e+00
   5.0000000e-02   0.0000000e+00   1.6268593e-01   0.0000000e+00  -1.0000000e+00   0.0000000e+00  -1.0000000e+00   0.0000000e+00
   5.0000000e-02   1.0000000e+00   1.4596051e-01   0.0000000e+00  -1.0000000e+00   0.0000000e+00   1.0000000e+00   0.0000000e+00
   5.0000000e-02   0.0000000e+00   1.3167141e-01   0.0000000e+00  -1.0000000e+00   0.0000000e+00  -1.0000000e+00   0.0000000e+00
   5.0000000e-02   0.0000000e+00   1.1992631e-01   0.0000000e+00  -1.0000000e+00   0.0000000e+00   1.0000000e+00   0.0000000e+00
   5.0000000e-02   0.0000000e+00   1.1082027e-01   0.0000000e+00  -1.0000000e+00   0.0000000e+00   1.0000000e+00   0.0000000e+00
   5.0000000e-02   1.0000000e+00   1.0443484e-01   0.0000000e+00  -1.0000000e+00   0.0000000e+00   0.0000000e+00   0.0000000e+00
   5.0000000e-02   1.0000000e+00   1.0083718e-01   0.0000000e+00  -1.0000000e+00   0.0000000e+00  -1.0000000e+00   0.0000000e+00
   5.0000000e-02   1.0000000e+00   1.0007935e-01   0.0000000e+00  -1.0000000e+00   0.0000000e+00   1.0000000e+00   0.0000000e+00
   5.0000000e-02   0.0000000e+00   1.0219752e-01   0.0000000e+00  -1.0000000e+00   0.0000000e+00  -1.0000000e+00   0.0000000e+00
   5.0000000e-02   0.0000000e+00   1.0721140e-01   0.0000000e+00  -1.0000000e+00   0.0000000e+00  -1.0000000e+00   0.0000000e+00
   5.0000000e-02   1.0000000e+00   1.1512364e-01   0.0000000e+00  -1.0000000e+00   0.0000000e+00   0.0000000e+00   0.0000000e+00
   5.0000000e-02   0.0000000e+00   1.2591943e-01   0.0000000e+00  -1.0000000e+00   0.0000000e+00   0.0000000e+00   0.0000000e+00
   5.0000000e-02   1.0000000e+00   1.3956611e-01   0.0000000e+00  -1.0000000e+00   0.0000000e+00   0.0000000e+00   0.0000000e+00
   5.0000000e-02   1.0000000e+00   1.5601294e-01   0.0000000e+00  -1.0000000e+00   0.0000000e+00   0.0000000e+00   0.0000000e+00
   5.0000000e-02   1.0000000e+00   1.7519096e-01   0.0000000e+00  -1.0000000e+00   0.0000000e+00   1.0000000e+00   0.0000000e+00
   5.0000000e-02   0.0000000e+00   1.9701296e-01   0.0000000e+00  -1.0000000e+00   0.0000000e+00   0.0000000e+00   0.0000000e+00
   5.0000000e-02   1.0000000e+00   2.2137361e-01   0.0000000e+00  -1.0000000e+00   0.0000000e+00   0.0000000e+00   0.0000000e+00
   5.0000000e-02   1.0000000e+00   2.4814967e-01   0.0000000e+00  -1.0000000e+00   0.0000000e+00   0.0000000e+00   0.0000000e+00
   5.0000000e-02   1.0000000e+00   2.7720035e-01   0.0000000e+00  -1.0000000e+00   0.0000000e+00  -1.0000000e+00   0.0000000e+00
   5.0000000e-02   0.0000000e+00   3.0836779e-01   0.0000000e+00  -1.0000000e+00   0.0000000e+00   0.0000000e+00   0.0000000e+00
   5.0000000e-02   0.0000000e+00   3.4147771e-01   0.0000000e+00  -1.0000000e+00   0.0000000e+00   0.0000000e+00   0.0000000e+00
   5.0000000e-02   0.0000000e+00   3.7634013e-01   0.0000000e+00  -1.0000000e+00   0.0000000e+00  -1.0000000e+00   0.0000000e+00
   5.0000000e-02   0.0000000e+00   4.1275028e-01   0.0000000e+00  -1.0000000e+00   0.0000000e+00  -1.0000000e+00   0.0000000e+00
   5.0000000e-02   0.0000000e+00   4.5048961e-01   0.0000000e+00  -1.0000000e+00   0.0000000e+00  -1.0000000e+00   0.0000000e+00
   5.0000000e-02   0.0000000e+00   4.8932692e-01   0.0000000e+00  -1.0000000e+00   0.0000000e+00   1.0000000e+00   0.0000000e+00
   5.0000000e-02   1.0000000e+00   5.2901966e-01   0.0000000e+00  -1.0000000e+00   0.0000000e+00   0.0000000e+00   0.0000000e+00
   5.0000000e-02   1.0000000e+00   5.6931531e-01   0.0000000e+00  -1.0000000e+00   0.0000000e+00   0.0000000e+00   0.0000000e+00
   5.0000000e-02   0.0000000e+00   6.0995288e-01   0.0000000e+00  -1.0000000e+00   0.0000000e+00  -1.0000000e+00   0.0000000e+00
   5.0000000e-02   0.0000000e+00   6.5066451e-01   0.0000000e+00  -1.0000000e+00   0.0000000e+00  -1.0000000e+00   0.0000000e+00
   5.0000000e-02   1.0000000e+00   6.9117722e-01   0.0000000e+00  -1.0000000e+00   0.0000000e+00   0.0000000e+00   0.0000000e+00
   5.0000000e-02   1.0000000e+00   7.3121467e-01   0.0000000e+00  -1.0000000e+00   0.0000000e+00   0.0000000e+00   0.0000000e+00
   5.0000000e-02   0.0000000e+00   7.7049906e-01   0.0000000e+00  -1.0000000e+00   0.0000000e+00   1.0000000e+00   0.0000000e+00
   5.0000000e-02   0.0000000e+00   8.0875308e-01   0.0000000e+00  -1.0000000e+00   0.0000000e+00   1.0000000e+00   0.0000000e+00
   5.0000000e-02   1.0000000e+00   8.4570191e-01   0.0000000e+00  -1.0000000e+00   0.0000000e+00   0.0000000e+00   0.0000000e+00
   5.0000000e-02   0.0000000e+00   8.8107526e-01   0.0000000e+00  -1.0000000e+00   0.0000000e+00   1.0000000e+00   0.0000000e+00
   5.0000000e-02   0.0000000e+00   9.1460944e-01   0.0000000e+00  -1.0000000e+00   0.0000000e+00   0.0000000e+00   0.0000000e+00
   5.0000000e-02   0.0000000e+00   9.4604948e-01   0.0000000e+00  -1.0000000e+00   0.0000000e+00   0.0000000e+00   0.0000000e+00
   5.0000000e-02   1.0000000e+00   9.7515115e-01   0.0000000e+00  -1.0000000e+00   0.0000000e+00   1.0000000e+00   0.0000000e+00
   5.0000000e-02   0.0000000e+00   1.0016831e+00   0.0000000e+00  -1.0000000e+00   0.0000000e+00  -1.0000000e+00   0.0000000e+00
   5.0000000e-02   1.0000000e+00   1.0254287e+00   0.0000000e+00  -1.0000000e+00   0.0000000e+00  -1.0000000e+00   0.0000000e+00
   5.0000000e-02   0.0000000e+00   1.0461884e+00   0.0000000e+00  -1.0000000e+00   0.0000000e+00   0.0000000e+00   0.0000000e+00
   5.0000000e-02   0.0000000e+00   1.0637812e+00   0.0000000e+00  -1.0000000e+00   0.0000000e+00  -1.0000000e+00   0.0000000e+00
   5.0000000e-02   0.0000000e+00   1.0780466e+00   0.0000000e+00  -1.0000000e+00   0.0000000e+00  -1.0000000e+00   0.0000000e+00
   5.0000000e-02   0.0000000e+00   1.0888464e+00   0.0000000e+00  -1.0000000e+00   0.0000000e+00  -1.0000000e+00   0.0000000e+00
   5.0000000e-02   1.0000000e+00   1.0960662e+00   0.0000000e+00  -1.0000000e+00   0.0000000e+00  -1.0000000e+00   0.0000000e+00
   5.0000000e-02   1.0000000e+00   1.0996169e+00   0.0000000e+00  -1.0000000e+00   0.0000000e+00  -1.0000000e+00   0.0000000e+00
   5.0000000e-02   0.0000000e+00   1.0994358e+00   0.0000000e+00  -1.0000000e+00   0.0000000e+00  -1.0000000e+00   0.0000000e+00
   5.0000000e-02   0.0000000e+00   1.0954878e+00   0.0000000e+00  -1.0000000e+00   0.0000000e+00   1.0000000e+00   0.0000000e+00
   5.0000000e-02   0.0000000e+00   1.0877663e+00   0.0000000e+00  -1.0000000e+00   0.0000000e+00   1.0000000e+00   0.0000000e+00
   5.0000000e-02   1.0000000e+00   1.0762939e+00   0.0000000e+00  -1.0000000e+00   0.0000000e+00  -1.0000000e+00   0.0000000e+00
   5.0000000e-02   0.0000000e+00   1.0611229e+00   0.0000000e+00  -1.0000000e+00   0.0000000e+00   0.0000000e+00   0.0000000e+00
   5.0000000e-02   0.0000000e+00   1.0423354e+00   0.0000000e+00  -1.0000000e+00   0.0000000e+00   1.0000000e+00   0.0000000e+00
   5.0000000e-02   1.0000000e+00   1.0200438e+00   0.0000000e+00  -1.0000000e+00   0.0000000e+00   0.0000000e+00   0.0000000e+00
   5.0000000e-02   1.0000000e+00   9.9438956e-01   0.0000000e+00  -1.0000000e+00   0.0000000e+00  -1.0000000e+00   0.0000000e+00
   5.0000000e-02   0.0000000e+00   9.6554388e-01   0.0000000e+00  -1.0000000e+00   0.0000000e+00   0.0000000e+00   0.0000000e+00
   5.0000000e-02   1.0000000e+00   9.3370612e-01   0.0000000e+00  -1.0000000e+00   0.0000000e+00   0.0000000e+00   0.0000000e+00
   5.0000000e-02   0.0000000e+00   8.9910311e-01   0.0000000e+00  -1.0000000e+00   0.0000000e+00  -1.0000000e+00   0.0000000e+00
   5.0000000e-02   1.0000000e+00   8.6198783e-01   0.0000000e+00  -1.0000000e+00   0.0000000e+00   0.0000000e+00   0.0000000e+00
   5.0000000e-02   0.0000000e+00   8.2263785e-01   0.0000000e+00  -1.0000000e+00   0.0000000e+00  -1.0000000e+00   0.0000000e+00
   5.0000000e-02   1.0000000e+00   7.8135354e-01   0.0000000e+00  -1.0000000e+00   0.0000000e+00  -1.0000000e+00   0.0000000e+00
   5.0000000e-02   1.0000000e+00   7.3845604e-01   0.0000000e+00  -1.0000000e+00   0.0000000e+00   0.0000000e+00   0.0000000e+00
   5.0000000e-02   1.0000000e+00   6.9428499e-01   0.0000000e+00  -1.0000000e+00   0.0000000e+00   1.0000000e+00   0.0000000e+00
   5.0000000e-02   0.0000000e+00   6.4919599e-01   0.0000000e+00  -1.0000000e+00   0.0000000e+00   1.0000000e+00   0.0000000e+00
   5.0000000e-02   1.0000000e+00   6.0355794e-01   0.0000000e+00  -1.0000000e+00   0.0000000e+00   0.0000000e+00   0.0000000e+00
   5.0000000e-02   0.0000000e+00   5.5775011e-01   0.0000000e+00  -1.0000000e+00   0.0000000e+00   1.0000000e+00   0.0000000e+00
   5.0000000e-02   1.0000000e+00   5.1215905e-01   0.0000000e+00  -1.0000000e+00   0.0000000e+00   1.0000000e+00   0.0000000e+00
   5.0000000e-02   1.0000000e+00   4.6717540e-01   0.0000000e+00  -1.0000000e+00   0.0000000e+00   0.0000000e+00   0.0000000e+00
   5.0000000e-02   0.0000000e+00   4.2319051e-01   0.0000000e+00  -1.0000000e+00   0.0000000e+00  -1.0000000e+00   0.0000000e+00
   5.0000000e-02   1.0000000e+00   3.8059301e-01   0.0000000e+00  -1.0000000e+00   0.0000000e+00   1.0000000e+00   0.0000000e+00
   5.0000000e-02   1.0000000e+00   3.3976530e-01   0.0000000e+00  -1.0000000e+00   0.0000000e+00   0.0000000e+00   0.0000000e+00
   5.0000000e-02   0.0000000e+00   3.0107996e-01   0.0000000e+00  -1.0000000e+00   0.0000000e+00   1.0000000e+00   0.0000000e+00
   5.0000000e-02   0.0000000e+00   2.6489622e-01   0.0000000e+00  -1.0000000e+00   0.0000000e+00  -1.0000000e+00   0.0000000e+00
   5.0000000e-02   1.0000000e+00   2.3155643e-01   0.0000000e+00  -1.0000000e+00   0.0000000e+00  -1.0000000e+00   0.0000000e+00
   5.0000000e-02   0.0000000e+00   2.0138256e-01   0.0000000e+00  -1.0000000e+00   0.0000000e+00  -1.0000000e+00   0.0000000e+00
   5.0000000e-02   0.0000000e+00   1.7467285e-01   0.0000000e+00  -1.0000000e+00   0.0000000e+00   0.0000000e+00   0.0000000e+00
   5.0000000e-02   0.0000000e+00   1.5169857e-01   0.0000000e+00  -1.0000000e+00   0.0000000e+00   0.0000000e+00   0.0000000e+00
   5.0000000e-02   1.0000000e+00   1.3270092e-01   0.0000000e+00  -1.0000000e+00   0.0000000e+00   0.0000000e+00   0.0000000e+00
   5.0000000e-02   1.0000000e+00   1.1788819e-01   0.0000000e+00  -1.0000000e+00   0.0000000e+00   1.0000000e+00   0.0000000e+00
   5.0000000e-02   0.0000000e+00   1.0743309e-01   0.0000000e+00  -1.0000000e+00   0.0000000e+00   0.0000000e+00   0.0000000e+00
   5.0000000e-02   0.0000000e+00   1.0147045e-01   0.0000000e+00  -1.0000000e+00   0.0000000e+00   1.0000000e+00   0.0000000e+00
   5.0000000e-02   0.0000000e+00   1.0009509e-01   0.0000000e+00  -1.0000000e+00   0.0000000e+00   1.0000000e+00   0.0000000e+00
   5.0000000e-02   0.0000000e+00   1.0336015e-01   0.0000000e+00  -1.0000000e+00   0.0000000e+00   1.0000000e+00   0.0000000e+00
   5.0000000e-02   0.0000000e+00   1.1127572e-01   0.0000000e+00  -1.0000000e+00   0.0000000e+00  -1.0000000e+00   0.0000000e+00
   5.0000000e-02   1.0000000e+00   1.2380782e-01   0.0000000e+00  -1.0000000e+00   0.0000000e+00   1.0000000e+00   0.0000000e+00
   5.0000000e-02   1.0000000e+00   1.4087790e-01   0.0000000e+00  -1.0000000e+00   0.0000000e+00   1.0000000e+00   0.0000000e+00
   5.0000000e-02   1.0000000e+00   1.6236264e-01   0.0000000e+00  -1.0000000e+00   0.0000000e+00   0.0000000e+00   0.0000000e+00
   5.0000000e-02   1.0000000e+00   1.8809429e-01   0.0000000e+00  -1.0000000e+00   0.0000000e+00  -1.0000000e+00   0.0000000e+00
   5.0000000e-02   1.0000000e+00   2.1786140e-01   0.0000000e+00  -1.0000000e+00   0.0000000e+00   1.0000000e+00   0.0000000e+00
   5.0000000e-02   0.0000000e+00   2.5141004e-01   0.0000000e+00  -1.0000000e+00   0.0000000e+00   0.0000000e+00   0.0000000e+00
   5.0000000e-02   0.0000000e+00   2.8844549e-01   0.0000000e+00  -1.0000000e+00   0.0000000e+00   0.0000000e+00   0.0000000e+00
   5.0000000e-02   0.0000000e+00   3.2863434e-01   0.0000000e+00  -1.0000000e+00   0.0000000e+00   0.0000000e+00   0.0000000e+00
   5.0000000e-02   0.0000000e+00   3.7160708e-01   0.0000000e+00  -1.0000000e+00   0.0000000e+00   0.0000000e+00   0.0000000e+00
   5.0000000e-02   0.0000000e+00   4.1696115e-01   0.0000000e+00  -1.0000000e+00   0.0000000e+00   1.0000000e+00   0.0000000e+00
   5.0000000e-02   0.0000000e+00   4.6426434e-01   0.0000000e+00  -1.0000000e+00   0.0000000e+00   1.0000000e+00   0.0000000e+00
   5.0000000e-02   0.0000000e+00   5.1305864e-01   0.0000000e+00  -1.0000000e+00   0.0000000e+00   0.0000000e+00   0.0000000e+00
   5.0000000e-02   1.0000000e+00   5.6286440e-01   0.0000000e+00  -1.0000000e+00   0.0000000e+00   1.0000000e+00   0.0000000e+00
   5.0000000e-02   0.0000000e+00   6.1318493e-01   0.0000000e+00  -1.0000000e+00   0.0000000e+00   0.0000000e+00   0.0000000e+00
   5.0000000e-02   1.0000000e+00   6.6351126e-01   0.0000000e+00  -1.0000000e+00   0.0000000e+00  -1.0000000e+00   0.0000000e+00
   5.0000000e-02   0.0000000e+00   7.1332726e-01   0.0000000e+00  -1.0000000e+00   0.0000000e+00  -1.0000000e+00   0.0000000e+00
   5.0000000e-02   1.0000000e+00   7.6211487e-01   0.0000000e+00  -1.0000000e+00   0.0000000e+00  -1.0000000e+00   0.0000000e+00
   5.0000000e-02   1.0000000e+00   8.0935959e-01   0.0000000e+00  -1.0000000e+00   0.0000000e+00   0.0000000e+00   0.0000000e+00
   5.0000000e-02   0.0000000e+00   8.5455594e-01   0.0000000e+00  -1.0000000e+00   0.0000000e+00   0.0000000e+00   0.0000000e+00
   5.0000000e-02   0.0000000e+00   8.9721311e-01   0.0000000e+00  -1.0000000e+00   0.0000000e+00   1.0000000e+00   0.0000000e+00
   5.0000000e-02   0.0000000e+00   9.3686042e-01   0.0000000e+00  -1.0000000e+00   0.0000000e+00   0.0000000e+00   0.0000000e+00
   5.0000000e-02   0.0000000e+00   9.7305285e-01   0.0000000e+00  -1.0000000e+00   0.0000000e+00   1.0000000e+00   0.0000000e+00
   5.0000000e-02   1.0000000e+00   1.0053763e+00   0.0000000e+00  -1.0000000e+00   0.0000000e+00  -1.0000000e+00   0.0000000e+00
   5.0000000e-02   1.0000000e+00   1.0334527e+00   0.0000000e+00  -1.0000000e+00   0.0000000e+00   1.0000000e+00   0.0000000e+00
   5.0000000e-02   0.0000000e+00   1.0569450e+00   0.0000000e+00  -1.0000000e+00   0.0000000e+00   1.0000000e+00   0.0000000e+00
   5.0000000e-02   0.0000000e+00   1.0755614e+00   0.0000000e+00  -1.0000000e+00   0.0000000e+00   0.0000000e+00   0.0000000e+00
   5.0000000e-02   0.0000000e+00   1.0890594e+00   0.0000000e+00  -1.0000000e+00   0.0000000e+00   1.0000000e+00   0.0000000e+00
   5.0000000e-02   1.0000000e+00   1.0972500e+00   0.0000000e+00  -1.0000000e+00   0.0000000e+00  -1.0000000e+00   0.0000000e+00
   5.0000000e-02   0.0000000e+00   1.1000000e+00   0.0000000e+00  -1.0000000e+00   0.0000000e+00   0.0000000e+00   0.0000000e+00
