1050000 	
1050000 	
1050000 	
1050000 	
1050000 	
1050000 	
1050000 	
1050000 	
1050000 	
1050000 	
1050000 	
1050000 	
1050000 	
1050000 	
1050000 	
1050000 	
1050000 	
1050000 	
1050000 	
1050000 	
1049996 	
1049996 	
1049996 	
1049996 	
1049992 	
1049992 	
1049988 	
1049988 	
1049984 	
1049980 	
1049976 	
1049972 	
1049964 	
1049956 	
1049948 	
1049940 	
1049928 	
1049916 	
1049900 	
1049884 	
1049868 	
1049844 	
1049820 	
1049796 	
1049764 	
1049728 	
1049692 	
1049648 	
1049600 	
1049548 	
1049492 	
1049428 	
1049356 	
1049280 	
1049192 	
1049100 	
1048996 	
1048884 	
1048760 	
1048628 	
1048480 	
1048324 	
1048152 	
1047964 	
1047764 	
1047544 	
1047312 	
1047056 	
1046784 	
1046488 	
1046172 	
1045832 	
1045468 	
1045080 	
1044660 	
1044216 	
1043736 	
1043228 	
1042684 	
1042104 	
1041484 	
1040828 	
1040132 	
1039388 	
1038600 	
1037764 	
1036880 	
1035944 	
1034948 	
1033900 	
1032788 	
1031616 	
1030380 	
1029076 	
1027696 	
1026248 	
1024720 	
1023112 	
1021424 	
1019648 	
1017780 	
1015820 	
1013764 	
1011608 	
1009348 	
1006984 	
1004504 	
1001912 	
999196 	
996360 	
993400 	
990304 	
987076 	
983708 	
980192 	
976532 	
972720 	
968748 	
964620 	
960320 	
955856 	
951212 	
946392 	
941388 	
936196 	
930812 	
925228 	
919448 	
913460 	
907264 	
900852 	
894224 	
887372 	
880296 	
872992 	
865452 	
857676 	
849664 	
841408 	
832904 	
824156 	
815156 	
805904 	
796396 	
786636 	
776616 	
766340 	
755808 	
745016 	
733968 	
722660 	
711100 	
699288 	
687224 	
674916 	
662360 	
649564 	
636536 	
623280 	
609800 	
596104 	
582200 	
568096 	
553800 	
539328 	
524688 	
509892 	
494948 	
479880 	
464692 	
449412 	
434044 	
418616 	
403144 	
387644 	
372140 	
356656 	
341216 	
325840 	
310556 	
295392 	
280372 	
265524 	
250884 	
236476 	
222336 	
208492 	
194984 	
181840 	
169100 	
156796 	
144964 	
133644 	
122876 	
112688 	
103128 	
94232 	
86036 	
78580 	
71900 	
66040 	
61032 	
56912 	
53720 	
51492 	
50256 	
50048 	
50900 	
52836 	
55892 	
60084 	
65440 	
71980 	
79716 	
88668 	
98844 	
110248 	
122884 	
136756 	
151852 	
168168 	
185684 	
204384 	
224240 	
245224 	
267300 	
290424 	
314556 	
339632 	
365600 	
392392 	
419936 	
448160 	
476972 	
506284 	
536004 	
566028 	
596248 	
626552 	
656820 	
686936 	
716764 	
746184 	
775052 	
803236 	
830592 	
856984 	
882272 	
906304 	
928948 	
950060 	
969500 	
987136 	
1002836 	
1016480 	
1027948 	
1037128 	
1043916 	
1048220 	
1049964 	
1049072 	
1045492 	
1039176 	
1030104 	
1018256 	
1003644 	
986292 	
966236 	
943544 	
918292 	
890584 	
860544 	
828308 	
794044 	
757936 	
720184 	
681012 	
640660 	
599392 	
557476 	
515208 	
472888 	
430832 	
389368 	
348816 	
309520 	
271816 	
236036 	
202508 	
171560 	
143500 	
118632 	
97224 	
79544 	
65816 	
56248 	
51016 	
50248 	
54048 	
62468 	
75528 	
93192 	
115384 	
141968 	
172776 	
207568 	
246076 	
287964 	
332864 	
380348 	
429960 	
481196 	
533516 	
586352 	
639120 	
691204 	
741984 	
790836 	
837140 	
880280 	
919676 	
954760 	
985016 	
1009964 	
1029180 	
1042316 	
1049076 	
1049256 	
1042728 	
1029464 	
1009520 	
983052 	
950316 	
911672 	
867572 	
818568 	
765296 	
708484 	
648936 	
587520 	
525160 	
462824 	
401508 	
342220 	
285964 	
233728 	
186448 	
145012 	
110236 	
82832 	
63412 	
52452 	
50300 	
57144 	
73008 	
97760 	
131080 	
172488 	
221324 	
276772 	
337856 	
403460 	
472348 	
543180 	
614540 	
684960 	
752952 	
817040 	
875788 	
927844 	
971960 	
1007032 	
1032132 	
1046528 	
1049724 	
1041464 	
1021756 	
990880 	
949392 	
898116 	
838148 	
770812 	
697668 	
620452 	
541060 	
461484 	
383780 	
310000 	
242160 	
182152 	
131720 	
92380 	
65388 	
51676 	
51836 	
66080 	
94208 	
135620 	
189312 	
253884 	
