550000 	
550000 	
550000 	
550000 	
550000 	
550000 	
550000 	
550000 	
550000 	
550000 	
550000 	
550000 	
550000 	
550000 	
550000 	
550000 	
550000 	
550000 	
550000 	
550000 	
550000 	
550000 	
550000 	
549996 	
549996 	
549996 	
549996 	
549996 	
549992 	
549992 	
549992 	
549988 	
549984 	
549984 	
549980 	
549976 	
549972 	
549964 	
549960 	
549952 	
549944 	
549936 	
549924 	
549916 	
549900 	
549888 	
549872 	
549852 	
549832 	
549812 	
549788 	
549760 	
549732 	
549700 	
549664 	
549624 	
549580 	
549536 	
549484 	
549428 	
549368 	
549300 	
549228 	
549152 	
549068 	
548976 	
548876 	
548772 	
548656 	
548536 	
548404 	
548260 	
548108 	
547948 	
547772 	
547584 	
547384 	
547172 	
546944 	
546704 	
546448 	
546172 	
545880 	
545572 	
545240 	
544892 	
544524 	
544132 	
543716 	
543276 	
542812 	
542324 	
541804 	
541260 	
540684 	
540076 	
539440 	
538764 	
538060 	
537316 	
536532 	
535712 	
534852 	
533948 	
533000 	
532008 	
530972 	
529884 	
528744 	
527552 	
526312 	
525012 	
523652 	
522236 	
520760 	
519220 	
517616 	
515944 	
514204 	
512392 	
510508 	
508552 	
506516 	
504400 	
502208 	
499928 	
497568 	
495116 	
492580 	
489948 	
487228 	
484408 	
481496 	
478484 	
475368 	
472152 	
468832 	
465404 	
461872 	
458228 	
454472 	
450604 	
446624 	
442528 	
438316 	
433984 	
429536 	
424968 	
420280 	
415468 	
410540 	
405488 	
400316 	
395024 	
389608 	
384072 	
378416 	
372644 	
366752 	
360748 	
354624 	
348392 	
342048 	
335600 	
329044 	
322388 	
315636 	
308788 	
301852 	
294832 	
287732 	
280556 	
273316 	
266012 	
258652 	
251244 	
243800 	
236320 	
228820 	
221304 	
213780 	
206264 	
198764 	
191288 	
183852 	
176464 	
169140 	
161892 	
154728 	
147668 	
140724 	
133912 	
127244 	
120740 	
114408 	
108272 	
102348 	
96644 	
91188 	
85988 	
81068 	
76444 	
72132 	
68148 	
64512 	
61244 	
58356 	
55868 	
53796 	
52160 	
50968 	
50244 	
50000 	
50248 	
51004 	
52284 	
54092 	
56444 	
59348 	
62816 	
66848 	
71456 	
76640 	
82404 	
88748 	
95672 	
103176 	
111248 	
119884 	
129072 	
138804 	
149064 	
159836 	
171100 	
182836 	
195016 	
207612 	
220600 	
233944 	
247608 	
261556 	
275744 	
290128 	
304668 	
319312 	
334008 	
348704 	
363344 	
377872 	
392232 	
406356 	
420184 	
433656 	
446704 	
459268 	
471276 	
482672 	
493384 	
503352 	
512512 	
520808 	
528172 	
534556 	
539904 	
544164 	
547292 	
549248 	
549992 	
549496 	
547732 	
544684 	
540332 	
534680 	
527724 	
519476 	
509952 	
499180 	
487196 	
474044 	
459776 	
444456 	
428156 	
410952 	
392940 	
374216 	
354884 	
335064 	
314872 	
294444 	
273908 	
253408 	
233092 	
213104 	
193604 	
174736 	
156660 	
139524 	
123480 	
108680 	
95256 	
83348 	
73084 	
64580 	
57940 	
53256 	
50612 	
50064 	
51660 	
55436 	
61392 	
69520 	
79788 	
92144 	
106512 	
122792 	
140864 	
160588 	
181800 	
204316 	
227932 	
252432 	
277572 	
303100 	
328756 	
354264 	
379344 	
403708 	
427072 	
449156 	
469684 	
488384 	
505008 	
519320 	
531108 	
540176 	
546372 	
549560 	
549652 	
546588 	
540348 	
530960 	
518496 	
503060 	
484808 	
463948 	
440712 	
415392 	
388304 	
359804 	
330280 	
300148 	
269844 	
239816 	
210520 	
182420 	
155976 	
131620 	
109780 	
90844 	
75168 	
63068 	
54796 	
50560 	
50496 	
54680 	
63100 	
75688 	
92288 	
112672 	
136528 	
163484 	
193092 	
224840 	
258168 	
292472 	
327096 	
361384 	
394652 	
426220 	
455432 	
481660 	
504312 	
522868 	
536872 	
545960 	
549856 	
548400 	
541536 	
529328 	
511972 	
489776 	
463168 	
432688 	
398988 	
362804 	
324960 	
286328 	
247828 	
210408 	
175000 	
